-2.202226012118289944e+00
-1.993797057132350004e+00
-2.448008019283300030e+00
-3.032234204060439975e+00
nan
-8.628365698689520746e-01
nan
nan
nan
-2.993966930211420241e+00
nan
-1.961653399055439895e+00
-2.902000765483069955e+00
-2.117467372240830148e+00
nan
nan
-2.219218474211030134e+00
-1.872815934765149848e+00
-2.776490013204770069e+00
nan
nan
nan
-2.810530273319590044e+00
nan
-1.516262361851770102e+00
-2.322671346836429951e+00
-2.968031840069039973e+00
-1.977506955718260073e+00
-2.424190898927629956e+00
-2.552080500604310132e+00
-3.038718486823550169e+00
-1.631992085883460009e+00
nan
-1.020052686084079951e+00
-2.585998634531410101e+00
nan
-2.587402460533249737e+00
nan
-2.545925283392770133e+00
-1.497122422941239872e+00
-1.611700994412450072e+00
-2.346821928251789924e+00
-1.888326956101120002e+00
-1.347023567329300064e+00
-2.515350180836009919e+00
-2.245599022320550198e+00
-2.513545686677129964e+00
-2.254923257270819992e+00
-1.955707299274520139e+00
nan
-2.091577308283650183e+00
-2.476281298687629917e+00
nan
-3.010591874766010090e+00
nan
-1.977051697154529997e+00
-2.867464749636834842e+00
nan
nan
-1.249893638189745415e+00
-2.554183871714343468e+00
nan
-1.912372125600010353e+00
-3.087628309587763020e+00
-3.112348667005157665e+00
-3.815606396906776610e-01
nan
nan
-1.463036906953035787e+00
nan
-1.663102299296017161e+00
nan
