nan
nan
nan
-2.794177073694379843e+00
nan
nan
-2.221939884939239995e+00
nan
nan
-2.889162998954510009e+00
-1.605709881178090104e+00
nan
nan
-1.090882734603070059e+00
nan
-1.466460647902430026e+00
-1.207359756065999878e+00
-1.717741124243290063e+00
-1.816157776401929880e+00
nan
2.103725319935899896e-01
-2.514251256194899864e-01
-9.952665362792441073e-01
-4.304528116079630595e-01
nan
-2.147883208909779906e+00
-1.165822525624810035e+00
nan
-1.740585658490080068e+00
-2.894743839997659940e+00
nan
-2.210269177782340222e+00
nan
nan
-1.470422912658329917e+00
-1.663765259488120041e+00
-2.302870274984719856e+00
2.298546417245610041e+00
nan
nan
nan
-2.449210495469440196e-01
nan
nan
nan
-2.535851649093209925e+00
nan
-1.808544900910900033e+00
nan
-2.000086166499240203e+00
-2.827707720584390128e+00
nan
nan
-2.851562035721539878e+00
-1.728343992784480143e+00
-1.613892405362840066e+00
nan
-1.668780240085069977e+00
nan
nan
nan
nan
nan
-2.778115394935280147e+00
-1.641096926106220044e+00
nan
nan
-1.882877979369439903e+00
-1.392030410088179959e+00
-2.336317286529939974e+00
nan
-2.669341291624929724e+00
nan
nan
2.873744598825170193e+00
nan
nan
nan
-1.633177808006120113e+00
-5.880137672499070600e-01
nan
2.740072654646270145e+00
nan
-2.988843953637400297e+00
nan
nan
nan
nan
-2.550092060379470116e+00
-2.464023016263360066e+00
nan
nan
nan
nan
nan
nan
nan
-2.880185311017410044e+00
nan
-2.994389040988689743e+00
-2.749664303882970007e+00
-2.579932717382929841e+00
nan
nan
nan
-8.933812818638090514e-01
-3.063460202919929820e+00
nan
-2.413022174846729762e+00
nan
nan
nan
-2.189834968014960026e+00
nan
-2.199395393520469977e+00
nan
nan
nan
-1.748534068517110018e+00
nan
nan
nan
nan
-2.230829518424570779e-01
nan
nan
-1.548811041538098454e+00
nan
nan
nan
nan
-3.111951919753805917e-01
nan
2.976875399191594163e-01
-2.203091671896677539e-01
nan
nan
nan
