-1.605709881178090104e+00
nan
-1.816157776401929880e+00
nan
2.103725319935899896e-01
-9.952665362792441073e-01
-4.304528116079630595e-01
nan
nan
nan
nan
nan
-2.535851649093209925e+00
-1.808544900910900033e+00
nan
nan
-1.728343992784480143e+00
-1.668780240085069977e+00
-2.778115394935280147e+00
-1.641096926106220044e+00
nan
nan
nan
nan
-5.880137672499070600e-01
nan
-2.988843953637400297e+00
nan
nan
-2.550092060379470116e+00
-2.464023016263360066e+00
nan
nan
nan
nan
nan
nan
nan
-2.880185311017410044e+00
nan
-2.749664303882970007e+00
nan
nan
-8.933812818638090514e-01
-3.063460202919929820e+00
nan
-2.413022174846729762e+00
nan
nan
nan
-2.189834968014960026e+00
nan
nan
nan
nan
-1.748534068517110018e+00
nan
nan
nan
-2.230829518424570779e-01
nan
nan
-1.548811041538098454e+00
nan
nan
-3.111951919753805917e-01
nan
2.976875399191594163e-01
-2.203091671896677539e-01
nan
nan
nan
