-1.402410637949470074e+00
nan
1.446055712678550043e+00
-8.269273459938600301e-02
-3.854828243947049787e-02
-1.130148145470879939e+00
-1.238447028301409958e+00
nan
3.132516153022100180e-01
-5.772704337427040366e-01
nan
3.419828232023730541e-01
2.130279176412400055e+00
6.914561134624040983e-01
1.455510789393890114e+00
9.296562298792599988e-01
1.016401460912060017e-02
-2.918346257834270041e-01
2.944910985180789975e+00
nan
nan
nan
nan
2.539504504889760206e+00
5.975966867943990207e-02
1.032934822280310083e+00
1.643443539874069881e+00
1.002963653054290027e+00
2.244970827880389930e+00
nan
nan
-1.256993318088630129e+00
nan
nan
nan
nan
-6.056660628054070239e-01
nan
1.045465773503400086e+00
nan
1.633570920649130009e+00
nan
nan
8.766414894209309527e-02
nan
3.164836696462990373e-01
nan
-1.043998998678410117e-01
nan
nan
nan
nan
nan
nan
nan
nan
nan
nan
nan
6.457690538607265829e-01
2.321377321149606487e+00
2.397505505434054385e+00
-8.714416743758031103e-01
nan
nan
3.156075915989662306e-01
nan
7.820919612150514233e-01
nan
nan
nan
nan
