-9.824298688155750359e-01
-9.456030232287651049e-01
1.046641691627989923e+00
1.238142937830019941e+00
1.037179274033050103e+00
-3.048150537835490059e-01
-1.522989567327429850e+00
-2.890971927555989751e+00
7.374737444998210600e-01
2.961275071867780495e-01
9.350998960310811237e-01
2.681964664521690467e-01
1.028334854631379969e+00
8.401899514417791037e-01
7.964071033318980142e-01
8.517501599177930149e-01
9.094488829491550463e-01
-3.382936780612680328e-01
9.750725535596150850e-01
8.836819657079241219e-01
1.643832947882089890e+00
1.182097418802680044e+00
9.973172414089770399e-01
1.462353964442180132e+00
6.403425790974580645e-01
1.238838145170900074e+00
9.332139323533530373e-01
1.098539062279030087e+00
1.272442064284080132e+00
1.196506669268500023e+00
1.028028289202010059e+00
-2.742465869725930094e+00
nan
nan
8.563479329619000380e-01
-2.494018130257740218e-01
4.974479268535230148e-01
5.648436407843719920e-01
7.517886454257830531e-01
5.202239003342929990e-01
1.852251125802479859e+00
1.493794932029759881e+00
1.000868967893439931e+00
9.568664112337230687e-01
1.199027741696349958e+00
1.088461711553029954e+00
1.409000866280260000e+00
1.368453605281469976e+00
9.557674858728660849e-01
nan
1.233788754527979981e+00
1.433516134400399933e+00
1.344350718608549933e+00
1.160148493373490020e+00
1.177909368812219970e+00
1.258727938869500074e+00
1.102462415576896504e+00
6.515434931531816076e-01
2.475912094953773845e-01
6.547858805546233896e-01
1.334289817639460196e+00
1.023812364425427113e+00
4.565546661823240981e-01
6.224145027754768300e-01
4.055560665940736165e-01
9.095570160519432790e-01
nan
1.094935372274516538e+00
nan
nan
nan
nan
