2.510978729010580057e+00
2.135535084987230103e+00
nan
6.697242970444250432e-01
2.350940517457520140e-01
7.221752397257260592e-01
7.565818668836440386e-01
9.952061726899791294e-01
1.021796416671230112e+00
6.973581590811380737e-01
6.893998876168390133e-01
1.261852177106139949e+00
5.645793190074700485e-01
7.864250590465731161e-01
-1.114142391678930033e-01
8.126016112617420184e-01
nan
7.998425149632321096e-01
5.496169709940080805e-01
8.347865609544750098e-01
1.486649881980220078e+00
1.008256705414019905e+00
2.572285189498909830e+00
6.440043713501940603e-01
nan
4.063568448087115925e-01
1.278530840431623794e+00
