-2.426169503114949944e+00
nan
-1.168692056329669882e+00
-2.889657912088820169e+00
nan
-2.561030207548560256e+00
-2.462586841164580154e+00
nan
-2.485559890049540144e+00
3.056248067570079829e+00
-2.202226012118289944e+00
-1.993797057132350004e+00
2.646786997187370094e+00
-1.362061153806989999e+00
2.892708065196099909e+00
-2.424218172634979851e+00
-1.780318519556840062e+00
-2.121032882625749849e+00
-2.448008019283300030e+00
-3.032234204060439975e+00
nan
nan
-8.628365698689520746e-01
nan
nan
-2.264621775715919938e+00
-1.552753763262490150e+00
-1.493931636437070054e+00
-2.028104218294310090e+00
nan
-2.520622929847959881e+00
-2.234819243439920111e+00
-2.474349249135670004e+00
nan
-1.579296257712119900e+00
-1.676858202999960135e+00
-2.716566020296910189e+00
2.002706655983089945e+00
nan
-2.993966930211420241e+00
nan
-1.526219127743369874e+00
nan
-2.744989411176350202e+00
-1.961653399055439895e+00
-2.902000765483069955e+00
-1.997685738050599902e+00
-2.117467372240830148e+00
nan
-2.244004631457969801e+00
3.124915888425960020e+00
-2.332936013433580147e+00
nan
-2.717383107678189802e+00
-2.219218474211030134e+00
-2.081985975322730109e+00
-2.497693323312930147e+00
-1.872815934765149848e+00
-1.352574503000099959e+00
nan
nan
-1.959376310613730077e+00
-1.962630987392939952e+00
-2.776490013204770069e+00
nan
nan
nan
-2.324181606065609973e+00
nan
-2.551812060238110025e+00
-2.810530273319590044e+00
-2.745123668589830146e+00
nan
nan
-2.183738104973770078e+00
nan
nan
nan
-2.054626358259489916e+00
-1.516262361851770102e+00
-2.322671346836429951e+00
-2.761503832640619827e+00
-2.509908716266699980e+00
-2.968031840069039973e+00
-1.977506955718260073e+00
nan
nan
-2.424190898927629956e+00
-2.552080500604310132e+00
-3.038718486823550169e+00
-1.631992085883460009e+00
nan
-1.020052686084079951e+00
-2.585998634531410101e+00
nan
-2.587402460533249737e+00
nan
-2.545925283392770133e+00
-1.497122422941239872e+00
3.070113110785789967e+00
-1.611700994412450072e+00
-2.794187796065989993e+00
nan
-2.346821928251789924e+00
-1.888326956101120002e+00
-1.347023567329300064e+00
-2.515350180836009919e+00
-2.245599022320550198e+00
-2.513545686677129964e+00
-2.254923257270819992e+00
-1.955707299274520139e+00
nan
-2.091577308283650183e+00
-2.476281298687629917e+00
-2.329479935395859957e+00
nan
-3.010591874766010090e+00
nan
-1.977051697154529997e+00
-2.867464749636834842e+00
nan
nan
-1.953708801949652685e+00
-1.249893638189745415e+00
-2.554183871714343468e+00
nan
-1.912372125600010353e+00
nan
-3.087628309587763020e+00
-2.325187454016368171e+00
-3.112348667005157665e+00
-3.815606396906776610e-01
nan
nan
-1.463036906953035787e+00
nan
-1.663102299296017161e+00
nan
