nan
nan
nan
nan
nan
nan
nan
nan
nan
3.008748738901779962e+00
-1.402410637949470074e+00
nan
nan
-3.536532429207170369e-01
nan
-1.357458500367699994e+00
nan
6.555902217193790849e-01
1.446055712678550043e+00
-8.269273459938600301e-02
-3.854828243947049787e-02
8.994804609759339542e-02
-1.130148145470879939e+00
-1.238447028301409958e+00
nan
-1.253055300038889985e+00
-4.454942205710370473e-01
-1.082754698028759899e+00
-1.147310881536230065e+00
-2.829152612275509959e+00
-3.063409550543370052e+00
-2.392203922384040116e+00
-1.014989124405410031e-01
1.193341864517720036e-01
-1.027767638289579955e+00
-1.264396600514180014e+00
-1.778549264471319891e+00
2.410687440570209894e+00
3.132516153022100180e-01
-5.772704337427040366e-01
nan
5.155808783019599773e-01
-2.295201764971450120e-01
8.298929711206251003e-01
3.419828232023730541e-01
2.130279176412400055e+00
nan
6.914561134624040983e-01
1.455510789393890114e+00
6.502835510727580370e-01
2.179579969489790159e+00
9.167085174340440235e-01
9.296562298792599988e-01
9.238843330506850693e-01
1.016401460912060017e-02
2.862783691236240324e-01
nan
-2.918346257834270041e-01
nan
nan
nan
8.199487109055930700e-01
1.459775793565920132e+00
2.944910985180789975e+00
nan
nan
nan
4.553295307543790416e-01
-4.553533420362280149e-01
1.276311508775580084e+00
nan
1.621070157605339901e+00
2.539504504889760206e+00
nan
1.468565482105550046e+00
nan
nan
nan
-2.101194294833180098e+00
5.975966867943990207e-02
1.032934822280310083e+00
nan
1.308081877490500089e+00
1.643443539874069881e+00
1.002963653054290027e+00
nan
nan
2.244970827880389930e+00
nan
nan
-1.256993318088630129e+00
nan
nan
nan
nan
-6.056660628054070239e-01
nan
1.045465773503400086e+00
nan
nan
1.633570920649130009e+00
2.660381730628699870e+00
nan
nan
nan
8.766414894209309527e-02
nan
3.164836696462990373e-01
nan
-1.043998998678410117e-01
nan
nan
nan
nan
2.177392065579800029e+00
nan
nan
nan
nan
nan
nan
nan
nan
6.457690538607265829e-01
2.321377321149606487e+00
2.397505505434054385e+00
-8.714416743758031103e-01
1.048886513983041446e+00
nan
nan
nan
3.156075915989662306e-01
nan
7.820919612150514233e-01
nan
nan
nan
nan
