nan
nan
nan
nan
nan
nan
nan
nan
nan
1.532366372572570024e-01
1.469761860616260185e-01
nan
nan
1.404092997169980039e-01
nan
1.583512205467090261e-01
nan
1.347807504491660147e-01
1.690481967087150150e-01
3.150550843820140168e-01
2.625948351031490158e-01
3.586680254030920056e-01
nan
2.056225842362010281e-01
nan
2.945219720949780462e-01
3.165659430900299998e-01
nan
3.138875499236370437e-01
3.813475185397090517e-01
1.889636416355940096e-01
1.352378169011690112e-01
1.438882342863440078e-01
1.359791081780840072e-01
2.447198541848580322e-01
1.691887442534260044e-01
1.358614107175699914e-01
2.516021520609950102e-01
3.333865323297240391e-01
2.482650386174180268e-01
nan
3.092258696598640388e-01
3.581587869986900263e-01
1.946564812707820280e-01
1.917428270291780257e-01
1.295841402538099874e-01
nan
1.400655315918150068e-01
1.824623180917150089e-01
1.476422810472250158e-01
1.668649270543220153e-01
2.001682875244099880e-01
2.615385284837259960e-01
2.094302471006020128e-01
1.805334087012190059e-01
1.668424513250180152e-01
nan
1.692359680377780173e-01
nan
nan
nan
1.925124166799410119e-01
1.472414619873930186e-01
1.327627400023519977e-01
nan
nan
nan
1.497988904852180225e-01
nan
1.450770886756120037e-01
nan
1.523966503955120066e-01
1.411038180542699971e-01
nan
1.339509702133090119e-01
nan
nan
nan
1.330184884719599892e-01
2.247541637801480086e-01
1.915815205590290227e-01
nan
nan
1.598958562220510193e-01
1.442463964091860174e-01
nan
nan
2.070210373171750273e-01
nan
nan
1.300372429762510218e-01
nan
nan
nan
nan
1.341780815251399916e-01
nan
1.945609872125300122e-01
nan
nan
2.172241823332570210e-01
1.714129898528080065e-01
nan
nan
nan
2.075225945941130135e-01
nan
1.946738218520030206e-01
nan
1.480663922358300133e-01
nan
nan
nan
nan
1.306180372916830035e-01
nan
nan
nan
nan
1.735838551975099064e-01
nan
nan
nan
nan
1.551422899999622962e-01
1.407052413673182678e-01
2.553629504095097924e-01
2.222683298559544329e-01
nan
nan
nan
1.782774079667989175e-01
nan
1.994777514606956570e-01
nan
nan
nan
nan
