2.398884286096930052e-01
1.596086239687299901e-01
5.214447214089090732e-01
5.077720273099470827e-01
6.311306383504660111e-01
nan
2.150468864236110278e-01
1.593172068484240145e-01
nan
5.028260884267760078e-01
nan
5.133536065749200183e-01
4.453207856238670104e-01
4.309023941553940529e-01
3.873041125923670225e-01
5.994352135708520546e-01
4.397197024111120234e-01
4.922083791542570252e-01
4.066999972390160090e-01
nan
4.472247339103150310e-01
nan
4.080007888150750106e-01
4.949866384855099999e-01
4.645394994855850390e-01
5.924524241620749976e-01
4.606284306930020223e-01
5.118582790024069906e-01
5.476032548948560619e-01
4.713104669139270286e-01
3.704775143268720372e-01
1.607486304505760244e-01
nan
nan
3.162484020623690384e-01
3.662103190477270509e-01
4.195083796450410074e-01
2.940702632484540335e-01
4.255139654942930449e-01
3.465056531058940403e-01
5.364051958279799637e-01
3.299102620028619981e-01
5.313830023717760476e-01
5.636102648485450395e-01
4.219103745508520076e-01
5.368237541406880586e-01
5.939074351496940185e-01
4.568215023850560330e-01
7.156306300279270394e-01
nan
4.731985615708690363e-01
6.394170945555710528e-01
7.166117468255150946e-01
5.654314665729530676e-01
7.084614922223130273e-01
4.888676509409830562e-01
2.795917358127815167e-01
6.320774675243490126e-01
nan
nan
4.791050331485673386e-01
4.024354698663142327e-01
6.059424712142172931e-01
3.919518856232375170e-01
3.942038069209376494e-01
4.182316222791530591e-01
nan
3.801593352836305506e-01
nan
nan
nan
nan
