2.344554812743580297e-01
4.133060212486580065e-01
nan
6.559582703485340449e-01
4.337549660454900202e-01
4.294371744979190164e-01
5.429263687344899614e-01
6.209336407853360829e-01
3.941908962560150553e-01
nan
nan
5.060107143521260786e-01
nan
5.231915574587190365e-01
nan
4.423578997350970377e-01
nan
nan
3.996099772989550325e-01
3.002433724556910488e-01
4.947039186608890304e-01
5.105667356596270690e-01
5.676210995938930637e-01
4.765609389396070483e-01
nan
5.842990449271614484e-01
4.890902074478597483e-01
