1.596518371682280057e-01
nan
1.521647594746680099e-01
1.370540977352420198e-01
nan
1.455171951539090125e-01
2.266202015464290065e-01
nan
nan
3.246867712451150245e-01
1.454238354888729989e-01
1.631769176848520131e-01
1.705407123619410159e-01
1.943020866982380079e-01
1.837998932786670259e-01
2.838465244914030183e-01
1.720109126555430246e-01
1.962967892092070121e-01
2.157277807348980114e-01
4.061984987358450150e-01
nan
nan
nan
nan
nan
3.640952679756610522e-01
3.390324733461540507e-01
nan
2.902081404147150434e-01
nan
1.723503676088460057e-01
1.644818654633340149e-01
1.992237223830380100e-01
nan
3.761588099672080188e-01
3.579269318098760033e-01
2.065211498119760292e-01
1.354768756850020239e-01
nan
2.471549877082260260e-01
nan
1.363701440012810018e-01
nan
1.472579114332370209e-01
1.369577501330170033e-01
1.815601580562640205e-01
1.968210892350290286e-01
1.432827985409140248e-01
nan
1.460552228754880000e-01
2.292572012523460268e-01
1.526718153473250184e-01
nan
2.005222393237990064e-01
1.446777596468730165e-01
1.844094503813150099e-01
1.427473374107049997e-01
1.307914195045520034e-01
2.687529375058250181e-01
nan
nan
1.357270873897680197e-01
1.460712826267050179e-01
2.070772732868430277e-01
nan
nan
nan
2.288230050728750076e-01
nan
1.780303219624740085e-01
3.101466112881779980e-01
2.288263986900340163e-01
nan
nan
1.468648782160290045e-01
nan
nan
nan
1.795188462417499908e-01
1.321722211702520133e-01
1.513168309670890055e-01
1.575936944053110134e-01
nan
2.505548322250010229e-01
1.435874715592170003e-01
nan
nan
1.677336363896550220e-01
2.584144366697440076e-01
1.493750368297619979e-01
1.248283622092030143e-01
nan
1.528721711967980235e-01
2.446906424103690303e-01
nan
1.520361762697670094e-01
nan
1.402315551997230236e-01
2.309769268194900027e-01
1.725005837086540095e-01
1.511287557978669982e-01
2.026043722610820219e-01
nan
1.719157144793760084e-01
1.363143953520860041e-01
1.881033966145130021e-01
1.803448961904440262e-01
1.562673693686850163e-01
1.567638954393640038e-01
1.490052162647320100e-01
2.508924218733979972e-01
nan
1.609896159781550040e-01
1.604423402915660102e-01
1.531608132094610109e-01
nan
1.686712733192000102e-01
nan
1.487551721970390151e-01
1.735838551975099064e-01
nan
nan
nan
nan
1.723238364260342159e-01
nan
3.129953757464845610e-01
nan
1.835900038308685422e-01
2.259143374713065144e-01
1.973358074861697176e-01
1.425657454203726193e-01
nan
nan
2.097007369499719054e-01
nan
2.153642210976003113e-01
nan
