2.753299856408910062e-01
nan
3.282334458505310470e-01
nan
nan
2.775313936213359978e-01
3.129945686327520460e-01
nan
nan
2.955842650914120018e-01
2.398884286096930052e-01
1.596086239687299901e-01
3.096917883668299787e-01
2.188007643735240260e-01
2.688725560175970197e-01
2.573644499780550210e-01
2.344554812743580297e-01
4.133060212486580065e-01
5.214447214089090732e-01
5.077720273099470827e-01
6.311306383504660111e-01
nan
nan
2.150468864236110278e-01
1.593172068484240145e-01
3.007980646357710230e-01
3.640379623836660361e-01
nan
3.798211633131690079e-01
4.961837915917520214e-01
4.385197127411350482e-01
2.604236537347709990e-01
4.146472846439480109e-01
4.002689400086890115e-01
1.834072269436280156e-01
2.367041745469750103e-01
3.206230132443499969e-01
4.631816496459590371e-01
nan
5.028260884267760078e-01
nan
6.559582703485340449e-01
4.337549660454900202e-01
4.185987205470430572e-01
5.133536065749200183e-01
4.453207856238670104e-01
4.796255033288120417e-01
4.309023941553940529e-01
3.873041125923670225e-01
4.294371744979190164e-01
5.327085100762299907e-01
5.429263687344899614e-01
5.994352135708520546e-01
6.209336407853360829e-01
4.397197024111120234e-01
3.941908962560150553e-01
4.378739523127550548e-01
4.922083791542570252e-01
nan
8.199936921814330315e-01
nan
4.991645951386800006e-01
3.582906432244520323e-01
4.066999972390160090e-01
nan
4.472247339103150310e-01
nan
5.060107143521260786e-01
nan
5.231915574587190365e-01
4.080007888150750106e-01
4.671774602270650223e-01
4.949866384855099999e-01
nan
4.566613550877370309e-01
4.423578997350970377e-01
nan
nan
3.996099772989550325e-01
4.645394994855850390e-01
5.924524241620749976e-01
3.002433724556910488e-01
nan
4.606284306930020223e-01
5.118582790024069906e-01
4.947039186608890304e-01
5.105667356596270690e-01
5.476032548948560619e-01
4.713104669139270286e-01
3.704775143268720372e-01
1.607486304505760244e-01
nan
nan
3.162484020623690384e-01
3.662103190477270509e-01
4.195083796450410074e-01
2.940702632484540335e-01
4.255139654942930449e-01
3.465056531058940403e-01
5.676210995938930637e-01
5.364051958279799637e-01
4.765609389396070483e-01
nan
3.299102620028619981e-01
5.313830023717760476e-01
5.636102648485450395e-01
4.219103745508520076e-01
5.368237541406880586e-01
5.939074351496940185e-01
4.568215023850560330e-01
7.156306300279270394e-01
nan
4.731985615708690363e-01
6.394170945555710528e-01
5.641397490643280666e-01
7.166117468255150946e-01
5.654314665729530676e-01
7.084614922223130273e-01
4.888676509409830562e-01
2.795917358127815167e-01
6.320774675243490126e-01
nan
nan
nan
4.791050331485673386e-01
4.024354698663142327e-01
6.059424712142172931e-01
5.842990449271614484e-01
3.919518856232375170e-01
4.890902074478597483e-01
3.942038069209376494e-01
4.182316222791530591e-01
nan
3.801593352836305506e-01
nan
nan
nan
nan
