1.454238354888729989e-01
1.631769176848520131e-01
2.157277807348980114e-01
4.061984987358450150e-01
nan
nan
nan
nan
nan
2.471549877082260260e-01
nan
1.369577501330170033e-01
1.815601580562640205e-01
1.432827985409140248e-01
nan
nan
1.446777596468730165e-01
1.307914195045520034e-01
2.070772732868430277e-01
nan
nan
nan
3.101466112881779980e-01
nan
1.321722211702520133e-01
1.513168309670890055e-01
2.505548322250010229e-01
1.435874715592170003e-01
1.677336363896550220e-01
2.584144366697440076e-01
1.493750368297619979e-01
1.248283622092030143e-01
nan
1.528721711967980235e-01
2.446906424103690303e-01
nan
1.520361762697670094e-01
nan
1.402315551997230236e-01
2.309769268194900027e-01
1.511287557978669982e-01
1.719157144793760084e-01
1.363143953520860041e-01
1.881033966145130021e-01
1.803448961904440262e-01
1.562673693686850163e-01
1.567638954393640038e-01
1.490052162647320100e-01
2.508924218733979972e-01
nan
1.609896159781550040e-01
1.604423402915660102e-01
nan
1.686712733192000102e-01
nan
1.487551721970390151e-01
1.735838551975099064e-01
nan
nan
nan
1.723238364260342159e-01
nan
3.129953757464845610e-01
1.835900038308685422e-01
1.973358074861697176e-01
1.425657454203726193e-01
nan
nan
2.097007369499719054e-01
nan
2.153642210976003113e-01
nan
