1.491138530944560170e-01
nan
1.346225302061110074e-01
nan
1.489208295134030191e-01
nan
2.463664592254800056e-01
nan
nan
nan
nan
nan
1.647428936383250053e-01
1.344421966939530200e-01
nan
nan
1.346784717679730126e-01
1.278246179492630030e-01
1.681139516955010016e-01
nan
nan
nan
nan
nan
1.413477339340630246e-01
nan
1.714920237702250161e-01
nan
nan
1.885662516679720013e-01
1.477803229903990045e-01
nan
nan
nan
nan
nan
nan
nan
1.348100638892689995e-01
nan
1.548906619011670149e-01
nan
nan
1.610189698186270113e-01
1.776494327177140231e-01
nan
1.391872432611210020e-01
nan
nan
nan
1.458714757459060041e-01
nan
nan
nan
nan
1.439361438897130141e-01
nan
nan
nan
nan
nan
nan
2.919795810044854556e-01
nan
nan
1.518812360429856456e-01
nan
1.655203035901135211e-01
1.801587843323964599e-01
nan
nan
nan
