1.469761860616260185e-01
nan
1.690481967087150150e-01
3.150550843820140168e-01
2.625948351031490158e-01
nan
2.056225842362010281e-01
nan
3.333865323297240391e-01
2.482650386174180268e-01
nan
1.917428270291780257e-01
1.295841402538099874e-01
1.400655315918150068e-01
1.824623180917150089e-01
2.615385284837259960e-01
1.805334087012190059e-01
1.692359680377780173e-01
1.327627400023519977e-01
nan
nan
nan
nan
1.411038180542699971e-01
2.247541637801480086e-01
1.915815205590290227e-01
1.598958562220510193e-01
1.442463964091860174e-01
2.070210373171750273e-01
nan
nan
1.300372429762510218e-01
nan
nan
nan
nan
1.341780815251399916e-01
nan
1.945609872125300122e-01
nan
2.172241823332570210e-01
nan
nan
2.075225945941130135e-01
nan
1.946738218520030206e-01
nan
1.480663922358300133e-01
nan
nan
nan
nan
nan
nan
nan
nan
1.735838551975099064e-01
nan
nan
nan
1.551422899999622962e-01
1.407052413673182678e-01
2.553629504095097924e-01
nan
nan
1.782774079667989175e-01
nan
1.994777514606956570e-01
nan
nan
nan
nan
