nan
nan
nan
1.616604905103000145e-01
nan
nan
1.627621044358880109e-01
nan
nan
1.901643126930680217e-01
1.491138530944560170e-01
nan
nan
1.505695103301060156e-01
nan
1.612280504092850064e-01
1.505257684348630109e-01
1.391144009796240200e-01
1.346225302061110074e-01
nan
1.489208295134030191e-01
nan
nan
2.463664592254800056e-01
nan
2.275620319265920233e-01
2.960341249942360364e-01
nan
2.903203139815920264e-01
2.503478957144080197e-01
nan
1.369705863195140039e-01
nan
nan
3.702385033114670154e-01
3.350591051431760503e-01
1.414822275776839999e-01
1.534246648281870073e-01
nan
nan
nan
1.432611684460300128e-01
nan
nan
nan
1.647428936383250053e-01
nan
1.344421966939530200e-01
nan
1.414154582355290068e-01
2.055676556557690104e-01
nan
nan
1.564326121756130228e-01
1.346784717679730126e-01
1.469351546423810218e-01
nan
1.278246179492630030e-01
nan
nan
nan
nan
nan
1.681139516955010016e-01
nan
nan
nan
1.820892708020180051e-01
nan
1.403652730319620012e-01
nan
1.962607447967050223e-01
nan
nan
1.405803990736740061e-01
nan
nan
nan
1.610124579917080190e-01
1.413477339340630246e-01
nan
1.353011230173980228e-01
nan
1.714920237702250161e-01
nan
nan
nan
nan
1.885662516679720013e-01
1.477803229903990045e-01
nan
nan
nan
nan
nan
nan
nan
1.348100638892689995e-01
nan
1.406213271066840131e-01
1.548906619011670149e-01
1.818697130229190162e-01
nan
nan
nan
1.610189698186270113e-01
1.776494327177140231e-01
nan
1.391872432611210020e-01
nan
nan
nan
1.458714757459060041e-01
nan
1.302823074503970113e-01
nan
nan
nan
1.439361438897130141e-01
nan
nan
nan
nan
nan
nan
nan
2.919795810044854556e-01
nan
nan
nan
nan
1.518812360429856456e-01
nan
1.655203035901135211e-01
1.801587843323964599e-01
nan
nan
nan
